0.0 3.638 0.3514436891831558
0.08 3.404666666666667 0.4926671177264513
0.16 4.070666666666667 0.3053788175728994
0.24 3.9293333333333336 0.18887267904302346
0.32 3.876333333333333 0.4224699857846578
0.4 3.956 0.40977636177147486
0.48 4.117666666666666 0.2706810341014349
0.56 3.7556666666666665 0.3562268316053066
0.64 3.7823333333333338 0.3539306272264226
0.72 3.5549999999999997 0.4332689695789439
0.8 3.925333333333333 0.083814610235262
0.88 3.6639999999999997 0.30826720011487885
0.96 4.076 0.40515264613064866
1.04 4.307666666666666 0.23174171446293856
1.12 4.421666666666667 0.1318719918034994
1.2 4.337666666666666 0.051233669484908775
1.28 4.197333333333333 0.31833979051042666
1.36 4.249 0.36231846028965564
1.44 4.3999999999999995 0.12036887748361981
1.52 4.508333333333334 0.040835714216303026
1.6 4.428333333333334 0.4408932851483324
1.68 4.325 0.25032112708811993
