0.08 3.6895 0.3224999999999998
0.16 3.1945 0.4205000000000001
0.24 3.3335 0.3454999999999999
0.32 2.952 0.15600000000000014
0.4 3.449 0.09599999999999986
0.48 3.7935 0.24450000000000016
0.56 3.4939999999999998 0.33799999999999986
0.64 3.7805 0.06950000000000012
0.72 3.851 0.08700000000000019
0.8 3.2645 0.19850000000000012
0.88 3.508 0.30799999999999983
0.96 2.8665000000000003 0.8545
1.04 4.2425 0.02450000000000019
1.12 3.3025 0.23449999999999993
1.2 3.023 0.56
1.28 3.901 0.002999999999999892
1.36 4.2535 0.13149999999999995
1.44 4.1495 0.6124999999999998
1.52 3.5825 0.3014999999999999
1.6 3.7035 0.3084999999999998
1.68 4.084 0.1499999999999999
