0.0 4.774 0.009999999999999787
0.08 4.8475 0.20250000000000012
0.16 4.575 0.008000000000000007
0.24 4.908 0.0
0.32 3.3375 1.3375
0.4 4.441 0.07200000000000006
0.48 4.9405 0.22350000000000003
0.56 4.971 0.16100000000000003
0.64 4.547000000000001 0.07799999999999985
0.72 5.077 0.051000000000000156
0.8 4.3515 0.22350000000000003
0.88 4.486 0.05900000000000016
0.96 4.8100000000000005 0.5169999999999999
1.04 4.0675 1.2195
1.12 4.961 0.027000000000000135
1.2 4.7295 0.4485000000000001
1.28 5.3545 0.2004999999999999
1.36 5.1045 0.16049999999999986
1.44 4.946 0.33499999999999996
1.52 5.067 0.06700000000000017
1.6 5.343500000000001 0.2775000000000003
1.68 4.963 0.3620000000000001
