0.0 4.266500000000001 0.05249999999999977
0.08 4.3485 0.13449999999999962
0.16 4.513 0.04600000000000026
0.24 4.1505 0.30049999999999977
0.32 4.5975 0.3405
0.4 4.3454999999999995 0.2855000000000003
0.48 4.568 0.07499999999999973
0.56 4.340999999999999 0.4209999999999999
0.64 4.921 0.020999999999999908
0.72 4.6005 0.20350000000000001
0.8 4.6395 0.38450000000000006
0.88 5.1635 0.27949999999999964
0.96 5.067 0.11299999999999999
1.04 5.255 0.0019999999999997797
1.12 5.104 0.4370000000000003
1.2 4.894 0.11799999999999988
1.28 4.978 0.46499999999999986
1.36 5.422499999999999 0.18049999999999988
1.44 5.0665 0.30249999999999977
1.52 5.0335 0.2575000000000003
1.6 5.532 0.15300000000000002
1.68 5.0815 0.2895000000000003
