   2.47000000 -1943.26766014
   2.56811321 -1943.27192877
   2.66622642 -1943.27373782
   2.76433962 -1943.27381912
   2.86245283 -1943.27268749
   2.96056604 -1943.27076191
   3.05867925 -1943.26833795
   3.15679245 -1943.26562657
   3.25490566 -1943.26278125
   3.35301887 -1943.25991754
   3.45113208 -1943.25710204
   3.54924528 -1943.25438227
   3.64735849 -1943.25175747
   3.74547170 -1943.24928628
   3.84358491 -1943.24697518
   3.94169811 -1943.24481461
   4.03981132 -1943.24281207
   4.13792453 -1943.24095069
   4.23603774 -1943.23922966
   4.33415094 -1943.23731033
   4.43226415 -1943.23580271
   4.53037736 -1943.23440141
   4.62849057 -1943.23310747
   4.72660377 -1943.23191938
   4.82471698 -1943.23080941
   4.92283019 -1943.22977318
   5.02094340 -1943.22880874
   5.11905660 -1943.22791119
   5.21716981 -1943.22707018
   5.31528302 -1943.22628280
   5.41339623 -1943.22555353
   5.51150943 -1943.22487774
   5.60962264 -1943.22424405
   5.70773585 -1943.22365242
   5.80584906 -1943.22310747
   5.90396226 -1943.22261054
   6.00207547 -1943.22214397
   6.10018868 -1943.22171180
   6.19830189 -1943.22131585
   6.29641509 -1943.22095401
   6.39452830 -1943.22062243
   6.49264151 -1943.22031455
   6.59075472 -1943.22007980
   6.68886792 -1943.21981468
   6.78698113 -1943.21959209
   6.88509434 -1943.21937652
   6.98320755 -1943.21916631
   7.08132075 -1943.21891360
   7.17943396 -1943.21872978
   7.27754717 -1943.21856223
   7.37566038 -1943.21840554
   7.47377358 -1943.21825995
   7.57188679 -1943.21812164
   7.67000000 -1943.21799189